[geobox]
auto = 0
north = 43.594728
south = 43.604984
west = 1.441952
east = 1.452744
pixelPerDegree = 100000


[graphic]
strokeWidth = 5
strokeColor = 255, 255, 255
backgroundColor = 0, 0, 0
